SERIE = ( 6 2 ) * ( 4 2 ) = 15 * 6 = 90
H2H = SERIE / 2 = 90 / 2 = 45
H2H = ( 6 4 ) * 3 = 45

((6 - 4) * 6 = (15 - 5) * 3 * 6 = 180

SERIE => PAK ALLES VAN ( 5 4 ) EN MAAK DE 3 COMB. = 5 * 3 * 6 = 90

1 2 3 4
1 2 3 5
1 2 4 5
1 3 4 5
2 3 4 5

1 2 - 4 5   1 4 - 2 5   1 5 - 2 4
2 3 - 5 6   2 5 - 3 6   2 6 - 3 5
3 4 - 6 1   3 6 - 4 1   3 1 - 4 6
4 5 - 1 2   4 1 - 5 2   4 2 - 5 1
5 6 - 2 3   5 2 - 6 3   5 3 - 6 2
6 1 - 3 4   6 3 - 1 4   6 4 - 1 3

2 3 - 5 1   2 5 - 3 1   2 1 - 3 5
3 4 - 6 2   3 6 - 4 2   3 2 - 4 6
4 5 - 1 3   4 1 - 5 3   4 3 - 5 1
5 6 - 2 4   5 2 - 6 4   5 4 - 6 2
6 1 - 3 5   6 3 - 1 5   6 5 - 1 3
1 2 - 4 6   1 4 - 2 6   1 6 - 2 4

3 4 - 1 2   3 1 - 4 2   3 2 - 4 1
4 5 - 2 3   4 2 - 5 3   4 3 - 5 2
5 6 - 3 4   5 3 - 6 4   5 4 - 6 3
6 1 - 4 5   6 4 - 1 5   6 5 - 1 4
1 2 - 5 6   1 5 - 2 6   1 6 - 2 5
2 3 - 6 1   2 6 - 3 1   2 1 - 3 6

4 5 - 2 3   4 2 - 5 3   4 3 - 5 2
5 6 - 3 4   5 3 - 6 4   5 4 - 6 3
6 1 - 4 5   6 4 - 1 5   6 5 - 1 4
1 2 - 5 6   1 5 - 2 6   1 6 - 2 5
2 3 - 6 1   2 6 - 3 1   2 1 - 3 6
3 4 - 1 2   3 1 - 4 2   3 2 - 4 1

5 1 - 3 4   5 3 - 1 4   5 4 - 1 3
6 2 - 4 5   6 4 - 2 5   6 5 - 2 4
1 3 - 5 6   1 5 - 3 6   1 6 - 3 5
2 4 - 6 1   2 6 - 4 1   2 1 - 4 6
3 5 - 1 2   3 1 - 5 2   3 2 - 5 1
4 6 - 2 3   4 2 - 6 3   4 3 - 6 2